       CN1 CN2 DPT  ATTT   DT  KT  Mark QTKD
T2t1    1   1   1     1    1   1    1    0
T2t2    1   1   1     1    0   1    1    1
T2t3    1   0   1     1    1   1    1    1
T2t4    0   1   0     1    1   1    1    1
T2t5    1   1   1     1    1   1    0    1
T2t6    1   1   1     1    1   0    1    1
T2t7    1   1   1     0    1   1    1    1
T2t8    1   1   1     1    1   1    1    1
T3t1    1   1   1     1    1   1    1    0
T3t2    1   1   1     1    0   1    1    1
T3t3    1   0   1     1    1   1    1    1
T3t4    0   1   0     1    1   1    1    1
T3t5    1   1   1     1    1   1    0    1
T3t6    1   1   1     1    1   0    1    1
T3t7    1   1   1     0    1   1    1    1
T3t8    1   1   1     1    1   1    1    1
T4t1    1   1   1     1    1   1    1    0
T4t2    1   1   1     1    0   1    1    1
T4t3    1   0   1     1    1   1    1    1
T4t4    0   1   0     1    1   1    1    1
T4t5    1   1   1     1    1   1    0    1
T4t6    1   1   1     1    1   0    1    1
T4t7    1   1   1     0    1   1    1    1
T4t8    1   1   1     1    1   1    1    1
T5t1    1   1   1     1    1   1    1    0
T5t2    1   1   1     1    0   1    1    1
T5t3    1   0   1     1    1   1    1    1
T5t4    0   1   0     1    1   1    1    1
T5t5    1   1   1     1    1   1    0    1
T5t6    1   1   1     1    1   0    1    1
T5t7    1   1   1     0    1   1    1    1
T5t8    1   1   1     1    1   1    1    1
T6t1    1   1   1     1    1   1    1    0
T6t2    1   1   1     1    0   1    1    1
T6t3    1   0   1     1    1   1    1    1
T6t4    0   1   0     1    1   1    1    1
T6t5    1   1   1     1    1   1    0    1
T6t6    1   1   1     1    1   0    1    1
T6t7    1   1   1     0    1   1    1    1
T6t8    1   1   1     1    1   1    1    1
T7t1    1   1   1     1    1   1    1    0
T7t2    1   1   1     1    0   1    1    1
T7t3    1   0   1     1    1   1    1    1
T7t4    0   1   0     1    1   1    1    1
T7t5    1   1   1     1    1   1    0    1
T7t6    1   1   1     1    1   0    1    1
T7t7    1   1   1     0    1   1    1    1
T7t8    1   1   1     1    1   1    1    1