       CN1 CN2 DPT  ATTT   DT  KT  Mark QTKD
T2t1    0   0   0     0    0   1    1    0
T2t2    0   0   0     0    0   0    0    0
T2t3    0   0   0     0    0   0    0    0
T2t4    0   1   0     0    0   0    0    0
T2t5    1   1   1     0    0   0    0    0
T2t6    0   0   0     0    0   0    0    0
T2t7    0   0   1     0    1   0    0    1
T2t8    0   0   1     1    1   1    1    0
T3t1    0   0   0     0    0   1    1    0
T3t2    0   0   0     0    0   0    0    0
T3t3    0   0   0     0    0   0    0    0
T3t4    0   1   0     0    0   0    0    0
T3t5    1   1   1     0    0   0    0    0
T3t6    0   0   0     0    0   0    0    0
T3t7    0   0   1     0    1   0    0    1
T3t8    0   0   1     1    1   1    1    0
T4t1    0   0   0     0    0   1    1    0
T4t2    0   0   0     0    0   0    0    0
T4t3    0   0   0     0    0   0    0    0
T4t4    0   1   0     0    0   0    0    0
T4t5    1   1   1     0    0   0    0    0
T4t6    0   0   0     0    0   0    0    0
T4t7    0   0   1     0    1   0    0    1
T4t8    0   0   1     1    1   1    1    0
T5t1    0   0   0     0    0   1    1    0
T5t2    0   0   0     0    0   0    0    0
T5t3    0   0   0     0    0   0    0    0
T5t4    0   1   0     0    0   0    0    0
T5t5    1   1   1     0    0   0    0    0
T5t6    0   0   0     0    0   0    0    0
T5t7    0   0   1     0    1   0    0    1
T5t8    0   0   1     1    1   1    1    0
T6t1    0   0   0     0    0   1    1    0
T6t2    0   0   0     0    0   0    0    0
T6t3    0   0   0     0    0   0    0    0
T6t4    0   1   0     0    0   0    0    0
T6t5    1   1   1     0    0   0    0    0
T6t6    0   0   0     0    0   0    0    0
T6t7    0   0   1     0    1   0    0    1
T6t8    0   0   1     1    1   1    1    0
T7t1    0   0   0     0    0   1    1    0
T7t2    0   0   0     0    0   0    0    0
T7t3    0   0   0     0    0   0    0    0
T7t4    0   1   0     0    0   0    0    0
T7t5    1   1   1     0    0   0    0    0
T7t6    0   0   0     0    0   0    0    0
T7t7    0   0   1     0    1   0    0    1
T7t8    0   0   1     1    1   1    1    0